10 3500
63 1036
98 1177
2 711
12 253
99 356
28 7
47 549
46 799
23 526
13 961
70 532
10 828
94 913
69 238
54 143
9 151
41 1007
27 1047
13 1120
91 647
35 599
5 1090
50 625
81 342
40 818
8 1002
23 1107
9 1063
31 267
22 767
77 662
60 1051
13 24
82 641
25 1178
15 593
66 343
73 593
81 1078
53 1062
95 1012
82 1003
74 953
51 822
72 799
88 427
95 275
97 186
90 168
91 962
33 331
22 975
10 1000
95 1181
29 26
34 60
44 267
34 817
0 612
21 1137
63 384
28 348
83 777
13 522
63 706
72 40
6 107
41 1101
8 105
90 437
32 812
57 554
9 249
13 851
24 269
57 331
1 5
20 1095
77 19
71 468
89 7
86 538
75 722
78 853
49 249
48 795
81 894
68 1010
81 294
85 713
65 738
56 418
53 1134
58 183
31 687
6 430
97 898
67 833
95 186
22 360
70 737
43 790
31 422
21 450
33 423
5 1125
35 401
4 1097
12 61
26 100
9 3
35 1157
53 355
84 159
28 56
26 974
74 265
61 563
1 1146