29 1219
78 100
12 268
67 801
24 858
72 426
41 33
90 228
98 926
80 998
61 421
76 711
15 123
63 189
29 927
6 1184
45 770
77 545
2 881
0 863
54 1040
76 512
75 435
94 501
32 589
45 434
30 756
35 525
91 220
6 765
82 859
8 660
64 1189
1 328
45 1180
40 1028
13 213
42 329
42 831
63 88
15 1217
77 378
35 481
14 1114
85 998
11 232
68 902
10 977
59 85
91 296
18 1094
30 718
35 294
36 424
24 216
87 1160
64 141
64 530
22 465
73 227
20 835
68 698
8 919
8 280
1 74
23 1232
27 1099
33 760
36 549
31 935
25 1173
22 1134
6 1144
48 858
42 892
3 1158
2 803
33 72
18 851
14 610
64 947
18 1203
47 141
34 937
96 25
1 562
94 768
71 487
43 1232
92 958
63 1181
88 1186
63 457
77 445
93 1019
97 437
49 789
82 635
94 21
61 312
14 1179
96 339
20 522
55 281
82 694
44 882
77 1118
38 350
60 522
77 256
17 1083
13 373
48 125
14 1225
82 727
61 251
61 120
51 1042
70 228
19 375
56 1233
1 738
87 1144
33 689
19 156
32 882
16 476
49 416
26 211
86 548
49 278
48 534
65 734
7 509
58 569
42 290
76 969
5 846
85 397
5 340
33 272
37 794
8 121
95 696
13 182
79 267
86 730
88 530
79 658
22 379
95 80
41 977
6 358
22 569
29 992
45 78
15 24
73 136
94 837
45 145
89 986
96 1162
41 407
22 24
98 915
55 274
21 1071
83 565
44 438
50 167
41 239
93 86
21 1150
39 564
55 423
43 121
22 616
97 146
40 579
45 98
70 70
15 615
17 431
96 613
36 154
80 603
28 658
54 725
76 1052
20 811
81 657
4 937
96 227
73 100
11 810
26 356
33 1037
31 812
43 484
91 324
16 156
74 1189
31 552
26 1152
20 993
69 1202
18 1032
49 1169
62 682
33 270
45 794
59 161
76 925
60 225
1 412
15 946
74 736
68 17
88 925
60 703
85 1024
22 1071
48 201
71 976
22 647
24 552
79 27
26 176
20 922
1 678
26 321
29 600
47 76
8 857
33 377
48 597
87 161
32 189
86 202
27 785
29 1160
76 1142
0 259
1 515
31 462
52 631
98 687
14 537
37 206
0 633
15 177
25 1003
50 572
34 499
11 1120
50 293
17 640
70 34
78 846
66 438
58 324
80 778
79 871
91 579
51 933
94 636
41 1004
7 888
60 961
29 760
10 988
90 241
57 75
26 693
26 583
60 817
86 1113
24 72
78 409
80 1055
66 245
89 788
49 1232
49 639
27 138
97 132
60 940
80 797
32 1112
29 297
78 1084
51 747
29 815
15 706
39 620
75 100
25 1200
63 373
97 461
29 61
93 897
35 838
25 795
24 244
47 759
64 495
0 586
26 626
35 56
29 1051
53 340
45 1141
48 602
29 309
89 886
53 382
49 624
16 33
85 1121
15 149
52 1198
90 1199
17 417
22 624
25 276
60 18
99 611
64 938
80 211
14 807
15 339
95 401
82 729
78 478
83 674
72 970
98 166
32 860
77 653
64 674
48 972
18 494
6 1040
62 154
50 977
68 550
24 445
50 340
53 344
36 563
4 310
5 436
18 152
97 742
27 1031
39 787
74 952
55 738
40 162
4 660
68 52
92 1139
13 278
23 1078
91 195
17 666
77 1041
7 875
28 630
16 880
23 925
93 435
96 1132
15 903
22 1056
90 673
41 451
93 726
56 205
31 1221
13 620
23 1187
95 1164
69 809
58 468
19 43
63 877
51 713
71 237
5 1223
59 1222
84 80
10 44
66 305
38 1090
43 650
81 1130
19 895
73 1098
15 430
7 652
18 935
42 721
65 635
78 685
98 515
14 44
65 1134
25 601
99 428
33 114
36 677
63 267
41 510
19 1134
75 1217
19 1137
35 910
34 494
82 1151
3 1202
56 1145
92 391
9 820
25 1101
6 714
95 477
78 806
40 724
37 436
36 720
68 926
87 491
37 260
2 422
44 822
52 851
79 749
51 658
83 805
66 1225
76 886
77 423
38 741
26 1182
27 21
51 526
21 1220
86 766
10 944
26 1200
5 455
82 909
77 288
47 681
82 418
56 218
63 888
77 1094
19 233
11 809
90 844
59 1116
7 813
24 352
47 690
64 900
82 634
63 871
74 75
88 569
74 1055
20 997
82 78
7 1108
18 467
43 361
75 425
7 690
10 19
20 703
71 977
33 806
21 795
66 942
31 1057
31 1066
82 1002
99 996
47 429
90 95
5 826
18 1117
40 1060
90 545
16 675
12 1039
74 522
13 467
98 1079
69 1130
92 219
90 526
84 460
59 589
22 168
75 60
41 898
4 431
11 452
76 967
27 205
80 757
88 178
85 448
37 790
95 653
62 1117
77 836
42 691
35 725
3 63
85 898
1 323
93 1162
70 1155
61 1140
3 797
7 913
76 734
82 467
57 864
70 115
4 34
65 69
52 1014
99 860
26 146
86 1142
40 177
69 430
69 595
41 587
22 385
52 1086
51 1028
77 300
44 481
11 293
67 829
74 258
25 1040
50 910
92 445
81 263
74 978
9 903
64 1129
15 932
76 1206
58 243
20 75
83 998
47 143
36 1
28 475
89 663
86 755
32 1040
28 797
32 38
90 981
4 167
75 682
12 553
83 164
78 387
49 720
94 237
97 139
95 426
75 824
93 1228
5 903
73 525
66 960
99 58
76 966
6 161
79 954
38 666
25 475
33 636
60 50
33 329
56 547
37 1140
1 933
35 172
44 1216
53 626
46 1041
17 950
86 692
2 872
17 1146
55 596
16 179
85 252
46 1068
42 484
89 304
88 121
29 807
16 524
42 181
95 368
50 997
86 505
17 590
15 510
33 612
80 766
93 699
49 748
15 16
84 498
54 296
67 249
61 511
3 929
10 57
84 32
54 439
89 1213
23 74
19 925
32 600
15 1064
26 906
12 888
60 1142
76 1041
33 583
21 74
57 829
66 333
64 1088
3 17
15 1223
42 840
45 1084
94 996
73 129
91 745
62 126
98 649
48 928
49 556
68 399
79 934
26 527
44 512
73 971
7 14
68 464
61 585
72 842
94 203
76 807
50 1111
89 228
38 539
42 1011
27 1102
40 931
45 799
58 94
31 268
42 789
6 951
62 1151
55 1202
25 951
48 29
62 856
43 1102
26 605
78 4
43 435
34 932
60 998
3 776
69 855
91 1041
7 157
90 1087
16 840
47 673
63 765
81 746
9 552
56 587
37 881
9 1074
55 546
29 950
94 450
57 808
75 695
96 492
69 76
64 1038
96 415
20 818
17 937
63 970
49 565
62 275
72 214
18 1203
84 329
61 380
6 166
86 622
96 1193
88 1196
43 1160
16 485
23 811
84 648
54 1108
80 1232
69 613
95 691
31 617
69 10
50 690
51 136
33 1131
31 978
74 254
69 1140
38 938
13 124
4 43
74 1128
53 369
32 449
54 891
53 230
55 708
7 139
33 408
0 341
76 119
9 303
28 1103
14 571
57 102
10 216
86 419
66 374
20 502
58 110
49 102
24 926
40 883
87 1038
43 1034
20 612
25 490
42 261
24 594
10 508
23 429
99 690
37 22
23 272
16 893
83 130
42 1206
32 947
78 151
26 441
8 989
95 662
7 1085
23 529
76 52
18 336
37 534
68 314
52 537
65 1059
21 1152
86 1186
80 201
22 987
22 689
84 1102
97 1084
56 1208
50 242
97 50
71 375
60 641
51 581
0 1106
83 579
65 1149
16 346
6 1190
3 1121
51 1078
73 360
68 554
61 470
94 249
87 109
73 1070
19 1149
37 184
71 1127
85 730
96 442
66 975
89 237
58 706
6 502
21 188
99 349
61 927
99 303
91 762
72 172
61 1128
23 70
65 587
86 1037
60 1218
50 979
26 963
72 195
84 43
28 528
26 1066
73 770
75 564
56 314
76 193
29 958
30 182
84 80
37 223
19 652
81 752
2 324
90 1052
99 1054
25 351
62 279
30 579
37 282
30 744
35 618
6 6
22 641
90 622
21 769
11 753
4 322
11 538
40 800
82 522
88 641
19 99
91 867
66 105
94 947
59 388
47 143
78 724
52 594
12 198
23 1188
28 399
91 486
35 898
37 85
26 597
52 718
23 490
52 993
66 199
22 1058
38 936
72 285
54 990
77 153
53 63
21 512
45 1096
71 821
5 133
30 1205
90 1189
31 658
61 84
21 235
5 491
14 619
36 428
58 251
25 630
57 313
21 778
90 234
2 1150
30 944
5 1098
30 616
56 415
51 72
97 834
28 161
82 1139
42 959
99 235
34 102
88 330
31 338
62 1105
72 505
9 539
24 176
42 813
48 46
15 599
8 501
35 859
88 825
21 878
48 955
49 993
58 407
57 381
5 847
66 799
23 481
57 359
86 91
63 121
54 133
85 1000
77 24
35 1094
68 34
95 322
59 964
19 74
80 974
92 973
81 1043
3 13
91 215
63 101
47 1200
97 85
54 539
58 725
46 506
70 1146
74 327
75 634
27 898
0 484
40 1123
59 321
97 1174
89 245
16 388
25 182
94 1178
20 1162
0 382
69 719
74 351
91 398
56 229
10 34
94 1075
27 308
84 257
8 512
3 381
62 655
48 1114
17 1078
46 805
48 211
15 197
87 1122
72 1134
28 647
55 607
28 496
81 906
76 991
4 1230
86 82
52 1018
99 863
3 1056
0 297
56 343
54 160
55 514
41 173
18 971
14 420
55 240
57 1171
2 365
0 1104
11 428
63 477
26 935
50 352
35 549
58 769
36 1154
7 227
84 741
60 823
85 536
31 701
78 335
80 759
7 525
77 304
25 385
94 481
81 891
97 649
34 97
67 1030
13 226
39 30
83 820
43 382
2 748
80 1095
90 705
10 194
46 711
94 1126
96 488
98 825
16 1157
38 406
52 415
78 529
8 1051
41 300
79 732
57 223
39 767
87 4
41 1201
89 696
58 890
46 1214
42 337
66 468
71 899
2 670
51 308
33 304
31 130
74 206
1 303
51 976
13 1
17 44
24 980
19 896
84 668
69 665
23 938
95 589
49 345
80 582
80 1027
1 262
16 927
10 1149
61 552
7 508
22 418
9 978
85 720
87 403
73 491
70 102
50 327
28 807
9 104
66 586
81 561
84 507
71 249
30 215
46 591
36 449
57 931
41 768
93 810
3 313
72 1161
21 825
35 1025
66 240
13 705
2 106
41 454
63 121
64 927
94 716
44 72
46 1072
58 1146
19 851
7 784
36 505
16 776
94 258
25 1081
15 860
7 576
77 55
47 587
34 553
58 314
13 784
33 209
37 181
24 375
36 425
98 976
12 561
98 300
20 556
4 301
44 331
6 1154
87 808
94 711
15 1172
35 401
6 276
89 771
67 608
79 380
52 230
77 1153
48 801
3 1162
1 258
89 1119
92 352
60 716
81 73
20 479
97 599
11 964
11 976
42 190
13 208
33 54
91 67
35 1224
57 310
17 900
28 207
8 433
2 746
88 904
8 1053
6 922
21 432
97 923
59 953
13 500
75 297
77 248
49 328
0 1009
79 201
49 228
28 1150
87 248
85 25
33 1212
1 1170
1 54
68 648
90 2
93 331
63 250
99 811
4 268
45 130
29 323
40 1016
87 535
42 406
70 131
10 1198
50 1192
79 846
73 1133
81 241
87 703
2 1197
81 62
29 724
58 850
82 695
18 604
37 439
74 454
21 1186
64 1067
16 615
15 501
78 252
81 248
9 643
29 717
76 420
85 1093
85 1229
4 40
41 404
39 675
41 1188
14 155
46 6
8 995
54 561
57 483
2 61
76 134
79 814
63 448
2 44
54 109
64 602
27 490
96 24
5 220
31 707
96 1002
80 329
61 519
47 1188
20 1135
8 52
27 840
88 40
34 974
64 724
87 901
64 470
48 1015
61 848
54 1104
54 905
48 581
42 595
28 296
83 149
41 836
5 482
69 590
28 1049
99 1088
86 396
79 103
38 54
76 807
50 667
60 359
5 937
17 384
0 1070
99 1191
23 1189
69 101
88 68
78 644
24 1086
69 808
89 671
30 463
68 590
80 245
74 1165
76 756
34 155
69 222
99 1138
17 1049
46 824
88 693
88 447
71 599
11 577
74 269
78 1188
76 976
69 188
78 792
56 805
90 705
83 141
19 351
7 594
74 403
8 16
86 119
55 1074
32 171
22 994
50 150
53 451
45 902
11 100
69 255
73 375
17 516
36 878
82 208
89 21
27 1096
34 105
32 4
59 592
58 48
17 563
61 1182
43 672
36 387
75 202
72 692
22 193
8 314
8 924
52 1153
5 232
46 270
29 296
88 1197
24 992
38 586
18 152
32 255
68 590
26 163
28 941
0 598
15 96
89 743
51 373
4 884
32 795
74 704
19 379
43 426
76 957
50 813
87 823
19 417
26 926
3 318
20 666
59 960
92 969
20 275
83 418
23 498
12 96
30 490
13 60
71 826
30 641
87 204
17 469
1 192
99 291
19 611
17 661
63 518
64 415
89 224
52 748
56 762
29 646
21 287
95 1074
19 575
89 565
5 776
53 626
87 494
93 24
73 1097
48 626
89 1216
83 1066
16 204
12 970
90 1147
2 1128
89 1010
34 955
9 339
73 843
0 844
35 14
66 737
97 714
14 587
80 626
42 373
30 702
97 66
34 1088
55 421
12 1080
74 603
22 704
78 1157
78 698
6 193
74 742
67 187
71 253
77 359
26 886
55 445
33 1183
60 901
38 1075
50 2
47 970
17 980
45 414
36 170
50 766
22 626
39 1227
49 866
50 846
34 768
63 661
9 594
9 415
61 193
50 735
1 229
78 91
70 477
63 146
47 224
96 770
57 648
84 549
21 883
89 281
78 638
87 1111
81 886
33 665
84 843
87 1123
31 637
54 948
41 180
27 1109
41 48
4 1200
11 329
88 626
75 417
16 784
28 660
93 1091
13 648
25 1146
91 768
59 95
71 539
30 375
66 694
23 982
50 771
8 373
69 312
28 78
59 606
21 908
58 929
69 641
12 821
74 779
74 78
7 508
82 1155
10 705
1 449
25 650
60 420
59 432
30 1119
73 722
62 278
66 72
58 25
27 1089
70 460
72 28
49 1156
59 220
11 643
23 271
36 492
95 138
4 1056
35 85
52 308
4 818
32 383
22 936
9 575
53 530
9 942
86 586
64 418
11 906
65 546
20 253
46 942
88 1033
63 181
64 1226
34 1038
60 954
14 116
26 982
94 307
84 713
54 610
49 415
38 112
34 1143
19 204
98 737
54 224
97 566
7 964
88 1049
6 1198
4 364
18 731
71 447
24 699
8 661
33 838
76 222
24 696
11 911
42 117
48 775
26 787
12 816
47 564
31 525
64 130
25 972
8 1039
15 685
0 1121
90 484
91 55
8 352
95 913
90 224
46 678
27 1227
90 314
13 948
26 967
15 840
12 709
51 623
17 615
14 379
89 693
28 549
42 425
74 472
54 660
68 551
70 1215
58 506
79 518
80 861
25 399
78 138
39 641
1 210
88 846
88 696
31 450
20 967
42 23
89 789
78 445
99 363
78 574
51 500
98 214
35 210
94 1080
38 453
20 98
47 1224
40 114
0 872
71 880
75 154
79 134
67 1112
72 1167
25 864
89 485
54 472
22 1027
3 208
18 10
68 138
41 1035
17 1161
56 399
74 286
14 1004
34 1103
1 508
65 223
62 498
36 934
31 584
22 1129
7 1073
3 796
94 1054
98 172
45 638
7 326
0 609
25 836
10 236
20 690
60 1108
46 486
4 674
51 1002
15 1168
21 370
43 60
59 589
46 169
49 911
11 1126
34 321
57 104
21 987
51 544
20 262
83 457
77 439
24 561
24 1071
41 69
45 443
13 985
42 841
54 571
87 379
51 115
1 366
1 43
71 0
10 288
81 500
70 460
41 15
78 365
80 278
26 956
67 608
92 1044
34 1067
17 1057
99 265
36 1038
92 100
79 114
33 2
96 708
38 281
14 437
80 1154
39 479
70 470
54 958
15 1206
66 121
11 1154
35 671
0 1133
46 421
96 228
31 513
48 958
31 371
65 799
49 97
65 73
11 643
55 209
58 818
62 646
72 946
64 76
18 1225
61 403
44 159
48 996
32 514
8 888
58 1041
54 107
20 355
82 827
65 643
12 201
18 535
60 89
68 925
34 1087
23 240
65 512
73 342
99 990
52 1065
33 99
74 284
10 318
84 751
55 797
1 88
66 389
92 261
78 1045
26 328
76 1175
8 251
85 105
88 1041
14 1169
51 281
88 785
83 415
85 306
24 887
84 1167
38 957
50 1054
70 269
82 815
53 898
49 581
20 1139
91 353
98 690
91 567
90 352
12 764
79 488
23 1047
2 932
12 429
20 589
88 533
47 1226
31 569
31 1081
26 275
4 171
73 463
44 953
3 954
75 1185
88 1105
50 927
40 173
28 1203
19 542
61 1022
97 640
32 1076
97 169
88 196
41 978
34 997
4 902
1 791
72 684
23 527
20 480
10 1063
22 405
57 825
38 1058
1 127
27 56
69 871
21 700
89 444
42 29
76 732
14 763
97 710
64 1204
48 568
47 937
57 687
57 1012
10 393
96 957
95 334
13 375
96 1034
76 1140
57 591
89 891
69 803
93 377
68 1147
4 288
80 35
80 406
49 668
78 693
23 16
82 797
28 378
58 111
20 406
73 277
15 1067
63 766
36 820
26 525
31 1166
27 396
2 182
61 319
16 184
48 768
14 128
39 229
49 944
46 122
20 524
82 161
54 727
4 718
17 166
43 727
82 1162
45 57
20 1207
49 1206
85 431
53 28
84 149
79 762
33 732
67 702
74 351
78 6
29 102
80 70
28 1122
1 313
23 939
42 377
50 212
29 1055
41 3
36 1016
36 1150
27 196
71 246
78 226
15 1176
17 258
74 12
70 982
46 1207
84 1028
11 566
95 741
33 584
51 163
4 447
42 558
24 188
88 941
79 953
86 257
3 724
33 808
48 497
79 992
18 616
38 78
32 304
19 1004
78 698
88 116
39 1028
99 361
20 998
37 127
38 1043
57 1102
35 1138
59 752
2 49
81 676
94 116
23 763
1 844
35 274
25 212
24 618
82 1200
14 632
18 307
37 1010
55 142
44 140
68 6
81 918
74 89
78 518
88 466
92 1201
89 152
69 955
36 496
60 324
1 924
6 185
46 372
81 1231
49 631
46 332
73 196
3 540
5 1123
89 539
60 920
93 638
67 492
67 748
10 434
57 449
74 54
52 549
23 852
59 1138
66 629
96 526
12 264
52 405
85 428
69 255
24 510
6 1133
88 951
45 1005
24 1174
89 54
94 505
63 522
21 855
50 66
12 868
59 885
44 1204
99 138
22 1163
39 162
88 863
88 914
81 147
56 588
99 81
33 275
3 86
92 898
69 65
37 334
21 761
74 1210
49 1177
6 740
30 805
59 1068
6 694
60 376
79 470
84 1135
89 1036
79 218
47 222
51 868
70 172
51 449
38 959
2 818
83 406
99 19
54 870
11 34
67 476
6 990
65 309
67 300
95 369
66 573
56 406
68 900
49 445
39 951
30 33
19 1184
54 227
69 678
12 910
13 189
0 22
5 820
52 139
42 108
10 245
42 132
48 360
63 989
26 1017
53 699
28 118
15 259
29 1200
92 195
59 206
60 1118
14 65
87 211
80 302
13 808
79 151
48 14
67 50
48 451
9 306
67 867
86 513
29 677
55 300
79 762
86 1025
88 663
49 458
8 392
37 310
44 1212
93 1023
32 801
30 1225
53 496
20 147
22 613
68 232
10 979
20 760
47 1020
34 1057
60 726
69 1138
58 1145
17 937
87 566
2 1053
82 1212
15 643
78 934
38 136
89 458
63 867
94 737
24 1
20 439
43 985
81 1054
62 943
90 25
87 447
16 735
59 435
89 788
63 872
70 894
74 908
65 1041
17 1113
16 1034
84 97
52 306
15 19
39 726
83 429
71 519
91 998
8 64
79 255
28 423
11 422
21 1090
63 328
85 943
2 250
39 333
64 21
71 94
9 369
65 1190
6 63
67 774
72 553
29 1110
35 454
77 727
45 234
99 216
90 1091
69 995
97 692
16 510
26 554
58 295
60 935
25 959
12 1195
42 1140
24 1137
61 180
72 563
42 703
86 597
96 298
35 129
85 255
4 972
66 871
6 859
39 637
25 1161
31 503
97 1168
92 920
68 130
41 621
46 754
28 433
91 848
6 5
41 528
44 928
85 150
88 1100
21 295
15 1069
46 276
83 37
4 1071
96 361
45 372
36 510
90 725
16 369
88 609
23 618
19 312
13 25
21 49
91 830
94 548
3 599
48 537
29 79
88 234
96 484
50 840
35 384
4 132
80 940
28 107
73 1191
61 50
60 1074
3 408
48 741
6 664
16 125
54 911
57 1097
91 900
3 762
73 1206
71 186
72 560
18 1220
68 790
60 198
91 892
21 220
43 503
87 278
77 1021
56 654
33 935
8 989
62 860
24 799
81 527
62 216
99 404
18 383
79 95
44 1191
36 450
90 1024
10 1084
88 599
66 217
38 588
63 1190
13 270
81 1221
21 1091
11 1189
88 1151
81 1155
38 702
72 89
43 250
21 90
38 1184
94 448
25 444
1 894
42 722
30 371
57 174
24 886
83 389
2 813
79 685
91 431
18 972
59 377
61 897
94 201
52 538
91 688
18 936
29 1074
80 917
41 77
72 1060
45 1233
37 775
37 512
39 332
95 116
19 129
31 1199
32 929
69 693
5 749
17 687
15 828
98 598
99 778
72 36
46 1121
86 1223
76 710
24 1121
92 214
97 8
80 1164
64 655
7 546
99 589
46 351
47 515
4 692
56 482
4 647
33 1040
62 350
12 219
8 726
92 965
46 318
97 404
7 551
52 881
46 906
72 376
17 1215
71 1206
43 12
81 105
1 430
65 790
64 1098
66 1115
45 792
18 106
95 829
87 64
78 179
61 963
48 529
35 973
96 517
87 1138
15 759
31 877
78 1203
54 1145
47 317
57 205
99 455
74 1197
36 304
64 653
86 1099
10 25
4 644
37 534
63 286
13 128
16 167
26 350
95 961
79 884
65 606
69 794
15 520
6 775
13 327
71 380
93 37
79 629
70 970
4 203
92 1222
21 131
57 1091
48 202
14 538
78 1111
76 602
92 1220
25 111
27 606
88 596
61 297
20 1028
36 144
70 745
32 300
69 520
0 78
0 465
70 963
43 1207
41 1092
3 481
86 443
28 203
51 819
38 494
89 1020
57 206
98 931
22 63
12 522
31 1117
44 898
15 277
9 744
11 112
29 577
22 359
58 254
93 59
32 770
72 960
27 1003
96 527
9 1096
89 286
74 447
36 262
67 972
62 350
1 454
65 828
20 1196
76 244
80 384
89 153
48 199
77 509
4 53
94 874
46 355
56 1058
60 354
53 607
34 533
97 57
9 682
94 767
74 756
17 291
14 88
41 456
95 704
88 191
71 687
60 293
48 44
31 102
21 1108
81 631
28 210
9 356
45 116
77 1123
26 186
65 135
77 42
5 266
14 113
83 223
92 1155
60 57
79 961
69 725
37 663
88 183
37 1110
72 1192
28 455
55 1067
8 926
0 998
26 848
79 823
42 750
6 630
59 1116
61 1109
0 289
28 1124
65 735
80 155
62 273
31 442
58 508
31 902
92 148
75 699
60 604
25 821
81 717
5 966
32 220
84 581
82 1168
41 40
8 214
93 4
61 10
9 573
22 485
93 580
53 1096
55 82
62 201
29 863
6 307
10 333
5 693
93 953
33 354
19 254
17 1229
6 515
4 275
40 803
20 419
59 1000
70 292
78 1117
54 275
80 832
84 82
23 189
96 367
5 1021
54 883
77 54
6 700
91 704
65 1215
23 670
15 135
55 681
39 959
49 363
81 948
69 27
22 490
38 50
63 821
29 740
22 347
87 1048
4 728
71 1193
33 1095
9 215
19 760
10 145
20 844
49 26
21 639
25 85
50 562
88 912
42 1025
20 209
97 465
49 243
22 765
17 501
50 699
8 468
87 370
79 435
3 89
77 813
21 115
67 799
12 619
17 337
16 1163
70 198
49 921
1 950
55 1207
64 272
71 635
19 544
49 1056
93 712
1 774
10 25
51 687
82 1187
96 346
69 194
2 594
18 513
15 910
35 542
97 1131
53 943
51 188
87 1214
64 250
30 1099
73 599
98 1072
92 246
30 866
79 883
13 1128
68 1063
81 1145
82 997
56 740
94 27
96 188
62 177
89 153
95 875
16 888
62 450
70 1080
47 708
74 500
10 1052
86 1046
74 339
22 12
93 347
57 928
11 1092
72 312
25 1188
42 1059
14 822
45 768
65 1165
80 1021
68 964
36 94
98 62
63 77
35 977
30 897
75 429
17 411
30 5
39 1135
74 880
29 881
27 15
29 420
30 606
65 105
22 13
72 57
48 523
54 905
12 879
33 705
98 400
29 992
73 1174
78 605
43 239
64 796
31 378
71 121
69 920
39 360
73 395
82 111
4 659
21 774
32 198
34 479
54 191
54 1208
47 965
63 638
80 267
70 216
89 1172
63 193
4 59
0 406
89 835
33 971
25 415
26 1078
19 1152
68 686
64 209
91 752
15 858
47 941
82 215
88 978
31 817
7 758
39 884
77 650
77 295
19 173
86 451
97 1214
69 746
93 502
8 106
85 270
94 1168
82 536
56 1058
10 740
88 254
68 568
45 841
87 149
45 1110
39 539
1 226
29 151
33 1070
98 1122
83 328
51 226
78 9
64 836
12 645
37 253
39 438
43 1080
88 449
27 1186
83 77
98 449
75 87
97 775
37 165
38 733
81 272
21 80
80 1205
92 386
67 256
56 1072
90 153
60 963
64 991
88 579
72 847
42 459
75 1192
7 966
21 478
96 896
97 447
27 242
8 300
69 1017
91 371
58 1111
80 294
2 794
75 46
92 1045
19 701
6 357
35 816
63 1030
3 344
66 912
61 19
98 631
59 488
12 742
60 444
60 374
5 1063
54 655
16 910
56 657
17 1084
99 232
75 302
63 327
70 586
69 1115
89 820
88 781
41 473
96 526
52 215
69 825
72 694
80 497
98 100
82 1125
27 1170
7 611
56 974
17 385
95 316
82 323
72 572
26 244
22 1145
23 262
53 109
62 398
80 674
13 831
89 1094
72 336
91 377
19 444
49 370
96 914
75 454
4 985
73 1222
93 553
98 229
10 1231
97 696
94 893
16 151
88 10
83 1223
62 21
58 1186
87 328
40 1114
99 1063
98 144
40 1074
64 307
23 73
92 809
11 220
27 3
31 128
90 534
82 461
94 1087
90 142
54 1165
99 1107
53 355
46 990
33 890
9 1090
82 1145
31 275
74 425
53 3
84 995
6 451
83 519
91 425
74 706
85 1006
57 111
89 307
98 497
5 35
43 1119
85 268
5 1114
61 1213
9 215
7 379
16 868
5 284
28 73
29 804
56 911
76 743
11 92
63 1230
47 486
30 141
30 938
51 498
63 1224
66 1010
27 797
80 627
19 379
70 778
10 1012
48 1216
25 115
38 498
58 864
57 134
33 987
35 940
95 1015
91 684
68 1185
4 581
22 924
29 1037
96 1161
33 440
96 496
90 56
7 23
47 62
97 535
11 871
78 1225
87 92
33 545
96 42
66 958
71 43
72 152
4 1041
48 862
76 1174
87 865
56 1042
92 550
79 1213
70 237
78 228
38 1073
27 90
47 453
3 483
25 143
47 354
84 581
17 132
82 949
12 1059
95 42
7 321
73 1212
15 257
70 464
50 706
80 987
15 578
84 745
54 657
34 144
74 332
68 264
32 312
48 1229
91 1004
48 760
87 1032
20 366
83 631
74 197
17 182
82 1000
99 844
8 624
79 185
38 471
60 149
35 509
81 224
8 867
33 608
15 345
68 1027
67 917
22 1122
4 31
40 373
56 41
13 153
84 157
14 491
92 295
98 203
13 1131
9 685
14 929
88 503
63 556
29 652
36 304
74 447
8 676
63 808
1 489
93 856
97 1014
28 1013
45 297
26 294
99 970
38 667
27 1078
16 62
29 457
49 959
78 528
89 901
75 536
34 516
74 698
24 704
90 111
91 652
42 1139
98 341
30 1166
59 983
52 270
96 358
28 707
30 990
40 1217
73 1210
61 994
67 10
91 170
11 278
31 835
52 768
58 995
85 177
74 121
50 883
98 231
55 21
79 745
52 311
63 407
48 800
55 910
17 1128
53 102
72 854
1 1138
59 1078
51 806
4 888
59 1095
21 1124
70 608
33 47
56 1230
35 622
95 559
38 665
60 54
85 996
96 537
59 109
14 444
86 804
46 1203
69 283
17 378
72 1179
77 590
56 277
70 612
49 260
38 84
88 857
3 386
48 1124
61 294
4 477
52 696
99 117
40 962
64 1024
52 444
95 460
70 844
53 1116
66 657
28 131
16 1216
99 732
66 238
15 752
1 907
86 534
33 309
40 672
31 722
49 540
41 1203
84 1081
6 823
80 630
58 1162
22 69
67 914
94 756
52 1149
1 389
98 1001
30 272
1 768
36 268
78 825
81 1010
56 203
80 1055
33 79
83 585
75 1166
72 443
62 591
5 910
61 192
40 720
20 848
24 500
43 1199
37 163
76 707
71 1129
5 535
38 148
5 1129
79 461
44 453
2 371
52 101
88 635
4 1132
5 584
90 1063
66 103
24 648
77 357
70 1066
54 531
9 549
16 1092
16 278
64 399
90 139
51 1175
30 676
62 326
36 1195
69 204
89 371
32 994
61 673
57 117
77 160
98 821
99 1145
96 15
65 968
43 776
63 1096
11 276
28 765
70 661
16 376
82 1018
79 1092
72 1049
4 838
59 47
49 297
21 736
31 1039
23 617
40 290
92 830
94 221
9 204
37 830
72 1008
89 1173
77 885
55 122
31 917
56 682
76 765
51 1053
51 261
40 968
71 269
34 480
37 82
71 577
0 642
48 1026
56 608
97 1225
94 701
17 1202
94 36
17 771
81 650
67 201
98 115
9 805
40 1116
79 981
61 53
43 879
92 650
21 449
78 61
10 1072
44 224
69 345
52 360
40 350
6 72
32 1124
52 307
64 688
67 489
11 686
39 128
44 84
95 1194
78 369
23 664
90 1112
77 376
49 1195
3 524
30 241
53 995
85 788
17 244
96 1211
72 155
54 488
97 1128
51 1062
89 583
23 388
98 343
72 106
98 911
72 1068
69 184
56 1112
35 715
55 236
58 371
10 238
21 1057
36 1205
89 551
58 1000
31 89
84 1067
45 1009
73 157
86 869
11 758
39 975
88 826
29 714
62 586
75 425
93 1113
23 829
21 580
8 468
83 626
69 1231
84 689
75 175
25 892
55 567
91 1068
44 358
71 728
70 1021
51 568
8 463
15 221
43 267
78 455
19 915
90 162
98 903
28 976
37 157
38 126
32 196
18 890
48 599
4 1146
54 1044
48 540
63 963
46 752
44 227
62 687
16 993
48 530
27 389
30 769
6 316
81 1001
60 1196
26 528
69 769
67 887
77 714
38 643
62 769
6 872
56 71
30 774
3 288
2 1156
80 1099
50 1126
95 701
93 923
27 538
54 391
24 164
51 760
98 706
74 500
17 276
34 712
66 120
77 554
3 591
83 557
20 632
67 853
94 1075
12 555
25 117
42 1231
0 800
31 1225
21 492
8 453
38 1226
87 1018
36 717
97 1214
90 522
32 937
94 238
69 982
35 248
43 779
21 417
62 990
49 339
52 357
5 416
43 647
53 638
60 884
46 362
73 437
48 341
52 746
10 255
71 926
81 649
34 1190
72 650
60 585
6 139
45 754
4 365
20 418
60 1094
32 731
57 326
87 199
51 889
88 1130
32 792
64 1101
36 872
89 151
45 442
37 139
37 33
70 713
25 1224
19 456
7 351
40 652
7 937
57 63
72 381
30 344
5 249
76 932
91 871
1 74
76 586
45 449
5 822
77 521
12 466
92 347
90 1006
74 299
25 638
1 657
16 130
37 815
2 316
72 860
79 51
11 680
48 414
15 1070
69 909
0 420
61 392
18 117
80 727
98 323
76 298
23 54
75 722
96 472
97 177
67 964
71 615
94 1206
98 398
1 1160
3 639
71 104
50 631
87 862
75 71
98 407
25 418
25 336
14 960
94 426
67 893
75 1116
86 109
65 445
43 138
63 654
39 788
60 1011
6 837
2 734
75 729
52 87
28 1117
46 887
76 820
25 615
7 219
70 221
31 310
14 805
36 350
59 491
39 114
40 265
85 1204
11 1125
85 389
28 1105
55 1199
20 640
17 1013
15 705
88 75
90 695
66 395
68 329
44 233
73 699
90 632
79 986
86 840
64 808
40 241
6 208
24 1217
69 621
59 388
76 48
21 745
43 908
87 277
70 1073
56 75
66 11
23 848
53 681
85 144
95 264
55 453
22 760
73 692
12 647
77 1049
85 433
63 327
62 289
49 557
94 509
7 472
48 735
59 415
90 937
98 1022
24 142
5 889
43 1217
52 558
0 21
6 204
85 495
33 658
65 1020
97 310
72 518
37 614
80 346
77 157
30 133
63 11
91 34
23 901
59 1189
36 997
83 1009
71 834
12 317
67 1204
53 181
33 119
60 647
70 592
96 679
13 1167
20 44
54 219
14 23
28 671
12 404
69 807
94 288
45 457
52 157
86 672
28 705
4 482
18 314
15 296
56 135
76 519
27 405
14 131
64 73
74 382
32 447
35 777
63 439
35 1180
16 724
95 156
34 435
18 524
20 85
97 1107
18 1025
94 850
80 1197
18 1228
75 957
30 943
21 645
42 1216
51 779
86 317
39 67
10 422
29 1227
80 723
89 795
15 478
40 1160
87 516
32 300
57 1112
76 564
77 75
37 422
44 1002
18 839
12 1053
17 631
1 744
74 1092
55 1008
54 505
15 411
2 573
58 99
56 91
50 511
43 385
39 1056
27 731
84 664
3 440
61 1216
51 590
67 504
57 218
60 397
37 412
99 189
59 1134
14 576
54 778
77 717
84 1194
30 791
64 860
56 821
43 92
88 853
31 292
37 1110
32 1128
76 646
59 1186
55 529
11 317
13 571
2 218
42 109
42 285
32 401
26 486
2 936
6 458
69 256
34 375
88 817
88 512
87 340
76 862
6 639
8 65
32 82
12 205
61 843
26 110
97 85
88 792
24 845
53 892
32 754
56 193
98 956
45 1112
44 391
39 431
96 517
73 1175
64 813
25 728
66 1053
71 1194
71 452
46 969
31 128
28 761
13 885
62 251
15 142
71 464
53 1210
74 1112
88 1094
48 446
35 650
25 718
47 927
13 286
49 468
61 1191
1 251
68 1065
41 279
65 13
58 1120
24 934
90 187
97 694
0 979
75 480
51 776
81 318
7 464
0 1166
48 641
33 960
78 859
43 205
43 140
29 955
41 652
23 314
38 587
42 58
55 921
90 49
69 767
8 1016
54 1225
20 1074
7 346
98 234
84 61
13 1161
78 346
96 51
15 685
39 0
52 1009
24 138
59 1172
50 808
90 156
63 1130
8 1006
58 900
21 399
47 856
63 1213
20 470
93 554
39 852
50 84
15 1146
49 1194
23 421
12 396
86 749
80 307
56 253
34 1150
76 868
81 996
74 895
49 249
0 954
10 376
42 183
27 254
11 1119
19 740
91 229
31 1051
71 299
15 438
93 302
8 591
22 235
60 1203
48 395
57 481
15 85
26 1104
98 1070
62 1187
69 142
64 594
87 302
5 279
25 87
49 103
39 700
1 87
55 997
8 1213
10 34
99 551
23 861
53 334
42 56
56 296
7 831
67 1147
38 994
80 843
38 257
15 771
11 40
87 587
9 804
84 1216
91 86
26 1207
59 787
72 479
2 749
67 189
40 651
73 642
20 777
57 161
19 92
36 290
91 531
82 670
66 982
0 579
65 930
96 43
50 903
13 307
74 515
8 716
23 704
6 57
68 1215
23 627
72 404
79 12
67 399
2 465
68 63
4 1029
13 163
67 125
51 314
68 366
30 942
70 1187
16 39
12 892
12 1156
8 499
94 76
18 1114
99 188
50 948
44 1196
76 280
26 1130
10 415
9 901
21 79
42 93
71 438
82 121
16 802
33 1087
62 1136
2 307
35 0
10 715
28 1070
69 119
60 772
24 781
55 74
47 1232
3 84
34 1106
30 908
2 989
13 636
51 409
61 967
81 528
33 42
99 108
70 139
42 591
8 211
1 51
54 613
80 662
79 1176
66 140
62 677
20 176
86 689
28 1178
32 876
60 805
88 200
82 1027
4 501
94 518
65 924
0 974
77 938
51 24
52 1099
29 523
4 630
12 586
39 952
10 1060
16 26
9 836
16 1209
60 910
36 668
19 592
62 1019
7 403
26 118
91 179
98 271
79 81
60 815
78 164
62 449
80 157
37 626
68 502
66 981
5 1042
65 1085
29 908
46 653
72 83
78 454
8 858
22 428
84 967
80 818
61 385
24 575
44 745
16 670
92 716
44 183
79 1126
13 340
33 352
32 1213
60 982
51 988
0 1055
41 1098
9 75
51 444
92 245
80 110
40 1150
93 555
30 891
56 719
73 324
90 318
50 1231
80 1096
17 413
97 1192
91 967
90 89
13 722
26 704
56 432
16 412
72 1037
85 135
22 405
76 820
70 1090
77 557
30 648
92 440
70 558
19 30
93 525
59 457
78 1209
68 178
87 399
10 1042
71 834
66 1026
24 384
45 314
42 954
39 315
19 682
41 1228
48 28
12 260
93 719
45 504
64 950
26 326
84 689
19 645
75 239
69 574
59 852
89 33
56 669
58 953
35 375
24 294
27 543
30 715
69 285
39 128
86 755
31 1227
61 620
96 594
42 731
17 942
90 666
64 296
22 321
95 1211
74 368
35 1147
4 341
78 1218
19 106
28 77
13 942
21 107
6 1230
28 314
83 983
76 1233
20 212
26 936
56 685
77 208
44 435
69 193
93 243
29 416
34 521
36 277
4 999
88 36
82 1110
99 312
18 1233
38 1021
21 725
26 399
68 1186
4 740
16 1034
45 410
45 143
67 82
75 170
72 939
52 784
51 431
43 1198
77 586
66 545
19 494
74 203
31 87
81 640
90 556
11 230
60 655
95 756
52 1090
93 95
21 267
67 799
56 203
76 0
32 573
48 560
95 903
55 744
66 375
68 768
16 1212
2 791
67 81
36 727
12 938
59 729
44 1120
78 312
95 1217
72 232
73 637
25 911
53 385
27 138
90 633
19 148
25 1194
45 326
70 404
12 226
62 211
35 445
16 699
61 710
60 948
17 955
8 168
57 1122
70 1198
68 1059
84 798
34 812
24 454
36 239
57 1068
42 1147
43 716
52 568
83 295
89 540
12 260
13 1130
39 924
84 339
19 1224
17 810
75 780
33 354
26 324
92 175
45 887
67 208
93 225
30 838
40 524
14 713
78 388
19 1016
73 808
38 1078
98 589
57 1121
82 178
97 374
7 25
58 195
64 2
18 878
33 1100
8 102
45 592
69 154
78 216
21 165
59 296
77 944
83 1189
3 989
83 775
41 432
93 901
35 774
50 906
19 924
89 716
14 1033
45 316
91 402
74 54
25 673
54 533
41 692
10 349
38 919
11 702
93 949
70 1082
38 653
77 1148
0 12
33 702
45 334
40 1
82 635
35 768
76 857
10 505
41 264
77 837
54 81
75 14
17 240
21 333
77 1160
6 1139
51 220
46 452
85 240
59 617
79 418
46 762
0 354
92 689
65 64
74 209
34 1173
4 409
53 500
84 264
62 974
63 1177
92 680
16 809
36 579
73 586
61 286
22 671
75 589
11 843
10 82
38 204
44 789
17 317
77 518
41 1166
36 1067
36 5
66 1168
50 663
88 1013
24 279
79 169
63 954
20 615
90 571
46 553
33 406
65 1064
21 168
98 1048
26 367
26 81
6 1080
63 1076
18 21
0 1126
86 656
1 593
22 1033
20 670
57 193
98 457
52 854
37 666
24 569
68 609
62 787
32 1122
98 649
68 1146
19 916
12 807
43 974
0 491
6 1210
62 1101
50 699
52 35
49 23
39 888
90 785
26 232
21 48
26 351
53 806
31 589
76 1230
89 961
99 513
47 250
0 1186
11 364
64 299
95 1141
92 518
83 951
97 1233
62 1120
10 871
84 567
33 647
63 674
47 1155
75 807
12 601
45 141
10 126
96 740
11 1161
68 501
42 269
44 1019
45 114
5 136
83 809
46 410
46 76
58 1227
71 94
85 432
48 791
83 283
44 731
36 779
9 410
57 549
59 73
5 585
64 224
44 417
72 789
92 1157
0 216
43 1137
37 46
16 1184
67 265
7 923
3 52
76 400
96 1186
93 843
29 348
36 867
69 35
62 79
54 400
52 252
73 423
41 406
70 651
84 201
28 800
30 548
8 346
61 125
68 556
96 878
23 649
91 110
22 1121
6 981
30 883
35 1180
20 555
78 41
51 723
88 58
23 152
54 481
47 506
27 619
46 1190
25 753
69 742
32 304
34 1092
74 511
44 1032
84 209
99 1067
98 1015
59 87
93 211
33 571
27 1150
47 131
21 78
60 1126
69 902
65 740
83 629
78 403
33 969
10 808
58 586
17 959
11 1078
41 490
47 1091
13 338
21 1126
78 211
42 558
66 1121
54 911
99 318
99 1091
40 838
59 737
76 318
39 1132
12 959
64 504
95 654
16 1105
96 427
31 176
65 413
12 1038
85 1208
74 1099
14 710
71 291
87 599
98 574
14 346
62 1181
53 856
39 749
98 270
43 107
30 364
5 157
49 378
67 667
64 26
53 714
77 836
46 903
59 812
65 344
22 717
71 894
65 827
76 948
38 605
43 722
30 564
98 48
49 94
79 1084
66 632
32 139
91 1144
81 660
94 1229
50 985
67 209
99 651
79 622
15 889
87 477
9 93
67 48
49 1162
68 577
94 407
87 573
70 933
21 359
15 921
71 1183
64 625
44 473
76 744
11 278
72 599
92 1178
49 458
70 625
84 323
13 1158
7 1107
90 784
85 17
49 1178
67 735
78 843
3 874
58 388
57 154
63 1153
31 229
91 596
53 284
60 292
40 635
41 781
51 911
71 1216
13 207
53 230
67 1094
9 320
39 1077
38 598
82 565
48 1083
70 256
53 1229
75 522
11 506
25 343
38 845
16 63
47 475
86 77
13 554
99 846
85 301
34 296
73 957
54 817
42 975
8 754
48 1221
50 62
25 193
91 511
11 944
93 242
71 708
47 172
37 948
80 330
97 541
79 819
71 742
44 306
59 578
72 981
40 519
25 133
49 1173
38 672
14 1096
44 105
71 454
83 898
19 423
58 376
77 1116
63 881
45 418
27 223
55 755
95 495
98 1169
29 378
0 319
40 952
97 571
93 989
12 147
82 713
18 508
35 388
93 288
63 26
24 2
31 169
52 1111
42 596
43 515
54 172
26 532
2 810
77 730
45 603
84 519
19 797
59 454
21 426
68 90
54 1086
89 211
25 8
88 409
50 1124
14 751
69 246
87 1050
34 541
38 771
31 586
20 82
63 163
66 150
5 1140
26 1099
57 116
32 206
19 804
98 986
4 45
60 268
59 918
65 405
56 631
54 1186
75 809
30 321
15 947
16 880
58 301
62 0
97 95
43 592
98 1119
12 1146
35 744
54 121
84 637
92 921
25 178
34 123
88 148
69 89
62 428
16 226
52 758
39 1021
1 246
22 546
79 1035
79 200
34 1116
38 927
69 998
12 1179
86 566
0 1163
85 43
22 181
65 641
10 839
17 177
3 536
6 479
12 201
87 305
24 108
7 248
90 80
16 969
62 1134
56 802
82 425
31 955
21 816
67 1012
7 1019
10 848
31 353
2 1204
60 858
68 519
20 29
43 466
15 373
38 53
79 138
17 569
41 1132
9 363
80 659
25 1183
36 414
19 52
3 339
2 982
4 581
15 179
90 1051
9 1053
59 421
26 535
33 198
54 1120
20 98
10 949
63 1089
73 439
24 1077
82 471
94 1220
23 664
84 1200
25 1174
34 125
75 919
58 204
33 160
83 918
2 306
14 445
57 577
71 901
4 1147
4 214
45 1180
95 286
11 420
75 815
79 776
82 347
57 344
97 739
86 1162
64 907
23 262
69 1171
45 1092
52 1191
76 157
38 496
27 36
58 982
73 789
50 190
52 1201
65 569
94 555
7 372
25 1094
87 740
13 583
7 612
8 148
49 678
53 270
80 949
29 91
65 593
50 336
66 805
39 980
21 134
36 1151
81 4
65 4
80 46
28 450
70 210
16 627
53 1204
58 1019
46 490
51 261
26 447
0 1013
71 757
14 212
22 207
75 303
15 1228
82 519
39 1090
35 1069
99 1176
92 615
0 1201
60 880
28 535
47 1121
95 393
19 263
45 844
9 1182
19 489
85 194
72 1074
25 834
14 305
93 1011
26 242
55 969
79 582
81 1014
14 508
99 1130
20 978
79 705
57 1074
23 659
26 1165
97 434
83 630
56 348
15 1128
52 493
3 519
90 849
76 991
35 685
50 1075
12 569
6 1013
92 382
50 1197
49 1007
15 235
93 417
53 403
8 670
45 1219
85 1045
44 455
39 964
34 202
79 392
15 267
44 855
19 366
4 597
55 304
33 624
47 1018
30 755
10 922
77 770
58 967
39 535
5 379
21 954
43 393
4 369
26 1032
56 458
96 614
7 480
24 440
53 739
20 223
84 79
70 1183
29 1069
40 1208
11 851
75 710
76 785
54 695
43 628
70 572
80 1001
99 1047
80 505
92 649
27 174
47 1007
26 798
27 1104
41 440
20 7
54 1083
4 486
31 1219
15 1149
1 83
55 975
29 93
81 1171
56 144
63 1206
42 283
55 434
14 346
73 586
63 917
97 860
3 882
52 1119
97 887
42 799
19 907
91 414
10 512
78 1035
10 761
16 748
11 332
16 677
15 19
39 115
3 375
1 224
29 428
56 607
85 1079
99 1041
54 872
95 685
85 1188
36 644
77 187
49 1122
54 589
93 795
55 549
59 443
41 325
78 36
13 707
35 381
49 968
17 628
92 788
19 256
38 836
49 907
90 1167
32 196
2 789
20 1153
88 451
66 106
65 444
92 799
57 393
9 124
57 545
32 869
79 1165
5 1198
77 657
36 1195
45 375
96 1027
33 142
0 750
92 847
7 653
35 820
61 1145
1 439
49 302
84 163
48 20
82 397
65 372
59 1186
28 908
95 1189
46 351
20 108
34 1020
92 733
85 1082
68 797
13 171
86 351
49 72
25 392
27 327
71 672
85 683
40 676
96 119
61 851
91 839
22 94
73 74
8 1184
26 1221
53 604
69 88
25 923
25 428
48 938
99 576
31 616
52 420
50 1199
91 525
74 154
8 205
79 845
89 826
22 3
69 478
84 820
53 541
10 1126
38 255
54 1120
6 43
93 576
15 185
90 241
13 534
42 1095
28 371
53 753
84 912
79 248
87 606
28 914
20 637
36 231
40 94
76 643
64 303
95 815
55 256
61 1127
13 536
38 1137
46 900
76 1107
8 197
6 558
26 136
5 565
17 51
56 246
53 48
92 682
49 1158
65 19
99 731
9 295
4 1079
16 116
57 138
36 542
19 1188
61 598
72 228
7 48
62 439
62 23
60 462
77 344
15 593
33 272
41 741
4 801
14 114
51 55
14 368
82 914
50 1113
1 642
43 950
32 942
56 991
79 776
32 446
60 839
29 1197
60 6
2 443
38 217
49 428
5 349
18 932
52 1129
17 353
84 224
9 345
46 960
14 461
4 806
76 402
29 82
37 862
1 836
8 851
48 1051
94 104
20 665
27 305
34 1161
46 77
83 812
27 1202
70 209
19 742
50 403
8 1168
40 1190
53 1054
89 1123
94 277
68 488
30 567
26 443
88 933
43 211
16 188
40 138
15 862
95 346
10 871
27 889
51 995
68 297
71 596
41 953
33 951
2 201
79 134
88 1181
4 818
26 103
45 35
33 425
40 1078
14 337
86 1222
45 266
56 238
69 597
5 859
96 28
89 1139
27 410
74 203
70 386
14 216
99 353
86 684
75 869
37 906
92 1177
38 602
44 281
54 183
79 786
54 158
70 789
1 1144
14 432
55 656
23 641
9 1231
97 956
54 76
34 304
47 1009
44 1029
10 1057
41 218
28 958
28 1077
87 793
44 753
83 984
78 770
89 502
2 471
61 331
56 535
76 849
79 184
90 870
54 556
77 643
14 882
7 974
86 900
60 364
71 1193
56 838
56 570
15 57
8 330
90 896
22 982
72 1181
56 456
51 10
10 1151
59 93
1 244
97 385
31 595
54 662
10 87
0 570
1 331
11 974
49 249
47 177
78 52
51 753
79 690
1 755
66 1010
45 1136
30 507
21 1150
43 966
39 829
86 187
36 796
15 1214
95 402
33 272
22 0
5 322
40 859
52 271
36 197
30 154
57 207
69 665
98 6
20 657
63 705
74 110
29 558
90 960
40 272
85 1191
86 509
56 1172
35 1104
23 148
47 981
73 817
31 959
8 484
37 248
25 17
62 771
6 562
17 241
87 1226
20 839
84 658
46 380
69 953
75 132
45 1177
8 187
73 742
24 1182
57 1086
65 384
51 335
6 1174
9 980
65 1096
39 416
81 711
31 712
32 1051
93 692
48 352
79 312
96 727
70 363
44 999
79 906
69 365
17 915
55 1059
60 200
48 137
66 396
36 882
37 804
8 157
45 709
14 638
17 670
34 848
56 418
14 277
38 595
76 728
87 162
56 673
72 1126
51 153
37 1182
86 438
39 1003
11 71
94 2
54 441
21 943
51 1210
91 1106
47 30
81 829
44 803
9 676
47 84
5 903
0 290
33 864
61 1213
43 576
4 722
63 882
51 509
4 1138
84 1172
31 322
60 447
36 424
91 942
88 1089
4 668
95 1144
16 506
56 786
95 408
84 581
70 123
63 342
91 211
20 9
85 323
2 832
2 453
46 931
40 110
79 535
3 741
20 1184
98 168
47 1147
18 798
24 587
17 137
45 243
84 111
86 186
72 318
76 485
13 46
16 436
93 1198
2 977
4 131
76 288
20 670
41 630
75 265
57 657
15 222
86 530
21 1143
34 45
86 852
92 12
7 477
95 2
30 592
91 1197
71 132
93 160
68 935
38 29
77 158
60 1151
58 115
91 169
47 393
75 697
94 888
86 21
80 1037
76 555
29 277
57 962
7 51
66 363
90 651
4 17
62 379
52 390
48 358
27 851
65 768
1 940
96 178
60 771
41 1087
25 73
20 486
84 572
19 248
15 214
76 96
96 461
98 951
85 12
8 664
75 1137
59 1224
6 1159
73 1105
65 1023
70 1166
36 958
52 84
47 708
8 538
67 985
63 284
10 40
99 192
59 783
14 1065
16 785
48 879
29 134
51 957
12 900
0 696
3 440
93 939
57 127
79 140
68 1016
65 944
60 1112
71 605
68 1172
59 891
33 446
60 969
30 788
94 551
13 118
28 945
30 1033
57 284
28 1067
83 403
15 1003
26 45
73 77
82 260
55 1174
36 535
41 435
35 936
84 209
22 827
43 228
41 882
52 323
45 646
69 151
82 433
17 954
0 1030
14 265
56 537
13 276
52 1051
50 1049
51 1003
2 956
51 982
22 998
81 754
95 807
27 350
6 577
32 434
76 1164
57 623
39 450
94 595
92 660
59 363
38 718
74 112
82 452
59 619
35 807
21 1029
47 296
31 367
22 1176
4 428
99 1023
9 376
69 947
21 793
46 849
20 886
59 641
37 349
75 450
81 966
62 1043
77 420
64 1139
71 369
27 582
17 505
32 603
67 31
87 150
51 243
91 763
89 183
79 1089
38 567
84 742
25 235
45 942
39 377
0 8
98 28
53 474
5 156
17 86
19 1051
63 13
88 852
4 913
28 435
25 487
68 191
86 599
11 397
72 145
26 28
55 208
66 619
70 495
4 383
77 735
37 588
8 734
40 556
30 680
35 949
70 971
63 861
78 511
41 687
94 315
73 57
57 846
36 770
29 880
67 1176
26 2
1 576
45 684
70 443
29 585
13 844
37 682
78 982
50 532
93 65
55 908
37 727
62 1115
95 1148
34 456
3 541
2 518
61 1083
7 345
60 1074
36 1185
49 810
32 1178
89 456
79 174
29 1208
61 178
27 206
83 1190
9 822
32 1121
40 1226
27 882
8 142
68 392
11 351
55 1032
26 242
99 341
23 783
51 1072
48 6
63 198
64 609
43 963
90 108
33 291
12 498
90 339
87 62
85 75
62 329
74 1114
64 852
0 408
4 534
10 85
46 58
71 1081
65 773
55 312
0 11
54 937
77 1193
57 49
18 477
79 852
31 759
3 968
71 717
22 262
30 1012
28 1225
8 306
90 445
45 449
18 928
71 745
85 940
51 865
5 981
57 334
32 457
92 356
41 31
39 974
8 373
78 1103
2 730
28 275
86 594
55 1096
53 1031
54 571
84 47
78 993
80 866
72 194
12 848
62 824
66 544
47 489
13 649
27 1084
74 845
51 676
65 1194
39 818
50 278
90 1095
98 948
10 449
82 109
48 1143
22 424
28 104
52 884
99 699
84 1053
11 567
78 452
34 611
96 904
12 712
50 38
12 553
2 804
30 381
75 593
17 299
76 127
89 722
5 310
86 893
66 72
92 452
16 824
47 34
39 536
71 421
44 272
66 967
70 355
83 769
19 1102
11 214
97 1204
25 1179
35 327
71 1214
36 890
68 248
47 580
81 42
11 371
31 164
3 428
58 803
67 989
47 990
30 448
44 66
44 826
95 1222
38 171
98 1015
53 597
91 652
15 817
96 1012
76 234
73 610
32 644
30 283
70 898
14 692
66 908
14 735
61 340
52 15
18 22
31 13
45 683
24 250
92 686
86 1045
50 1124
36 583
43 786
57 831
9 169
11 974
31 867
33 317
49 263
95 794
27 815
9 970
12 570
16 1179
52 670
71 892
46 980
19 26
65 1037
67 1125
36 24
34 947
16 105
81 1053
71 523
33 1023
24 658
39 347
57 79
1 276
64 11
11 542
30 618
17 790
66 316
94 864
19 1126
13 756
53 460
87 523
70 1000
84 124
74 203
1 246
43 986
28 293
18 610
54 1061
14 121
73 341
8 1189
49 1138
60 963
3 1233
99 628
32 427
26 1150
91 129
56 912
84 920
73 234
10 432
69 128
98 573
61 460
68 575
23 268
18 179
39 179
93 131
48 1143
79 859
25 1164
71 452
9 1170
52 982
95 743
0 768
9 208
83 409
30 491
23 901
22 1134
85 511
83 574
51 1028
65 1026
26 1070
61 977
83 388
92 109
23 409
36 303
93 808
63 195
11 475
32 435
33 275
13 429
80 386
57 948
81 313
42 921
89 533
61 808
23 679
80 505
83 137
55 534
52 829
11 1037
85 1081
22 727
26 769
63 153
55 318
84 649
18 400
84 357
2 319
33 786
46 455
74 882
20 738
27 100
60 1052
36 854
79 158
7 1170
42 349
70 548
76 67
90 975
38 1041
19 260
47 1075
42 875
7 650
45 256
88 172
44 577
96 1130
94 694
25 644
85 403
47 767
68 673
53 861
69 699
96 814
30 845
14 84
13 1111
34 331
99 729
88 483
51 293
34 1176
11 718
36 911
8 616
56 953
55 535
84 521
80 554
94 158
15 1036
71 968
46 917
25 726
63 514
83 1227
1 806
75 630
3 400
41 303
69 221
0 586
47 1055
29 10
64 615
65 1009
72 676
78 255
79 1189
63 939
8 842
31 620
32 128
90 1138
26 269
58 48
13 421
3 280
50 643
9 403
85 458
92 585
8 565
10 167
49 525
63 126
83 842
46 689
79 1060
4 1104
46 255
84 777
76 968
89 829
72 721
27 184
4 864
42 275
70 354
12 744
4 395
44 1230
81 129
83 397
0 90
93 415
34 815
9 351
45 1178
20 310
44 439
19 239
67 893
30 33
8 431
81 905
19 756
22 205
34 470
52 179
34 48
11 548
88 663
63 635
45 9
48 118
73 351
26 526
26 207
12 494
58 430
70 1061
50 899
32 232
22 348
49 615
83 859
42 45
83 981
79 1008
57 157
98 214
24 220
91 762
83 460
94 443
50 506
15 1097
6 621
68 330
19 951
19 186
15 473
76 163
38 62
84 815
46 118
79 842
19 838
84 172
56 835
76 784
42 458
92 1126
53 455
61 319
54 122
43 731
98 1040
10 972
16 605
21 896
30 131
15 864
69 1214
47 27
76 51
8 161
80 385
94 91
33 985
65 1153
4 189
47 882
54 590
75 220
43 45
87 491
67 1030
0 93
20 1014
73 306
3 1155
88 775
83 425
38 840
19 1232
87 626
7 73
36 906
40 1055
84 1151
56 929
0 617
61 932
84 710
37 832
97 385
68 572
68 920
51 802
92 707
85 1051
21 491
5 31
58 459
58 566
15 881
75 626
92 356
8 872
78 348
7 311
24 24
46 917
98 184
97 941
31 902
11 135
29 320
9 546
87 344
77 865
5 64
99 1091
26 847
51 879
88 289
60 267
77 660
46 665
86 7
9 131
16 178
3 1027
25 301
86 292
37 878
99 209
81 530
27 425
36 961
72 55
73 406
30 188
67 851
30 175
89 859
35 964
97 1143
44 104
7 648
79 569
92 571
34 168
10 757
5 785
98 674
0 672
25 569
28 983
95 654
57 611
27 950
87 742
46 831
70 1081
90 87
43 184
74 41
6 387
73 294
98 566
17 1058
52 232
78 1137
47 622
71 148
51 714
21 188
82 464
8 107
69 436
86 810
14 508
20 76
88 1057
71 786
86 456
45 874
93 1116
43 54
87 1208
65 731
96 45
56 749
94 557
79 1023
5 301
92 179
97 972
1 0
53 764
46 1144
85 1170
28 877
24 793
62 119
12 299
81 555
51 72
71 541
45 610
17 796
70 675
14 0
82 1035
52 54
59 810
37 423
98 255
65 1025
95 848
89 533
24 1061
53 150
97 625
72 561
6 651
64 890
54 590
11 75
86 1
37 372
52 1215
53 1007
78 309
6 468
39 285
4 1086
68 511
67 933
4 369
71 213
41 268
6 373
51 812
65 688
14 843
29 282
99 718
75 1003
33 235
67 310
39 229
41 485
59 279
14 350
25 48
51 340
57 503
47 685
78 690
74 481
54 759
26 372
42 795
84 510
44 374
68 511
11 314
44 1164
37 411
58 874
12 1100
53 400
92 1123
20 843
28 238
76 789
90 550
85 1164
81 112
10 797
10 544
9 800
18 305
53 823
39 874
36 822
64 887
90 879
27 661
9 358
45 72
91 426
42 731
79 865
80 393
9 88
22 858
52 660
7 799
12 321
10 911
82 276
92 560
87 1078
13 473
12 1227
20 407
91 643
33 417
90 834
95 255
64 757
60 379
43 858
73 531
97 770
25 1161
76 1149
12 907
42 917
37 463
10 362
21 371
99 531
77 226
12 238
33 459
13 794
13 1022
56 348
43 162
79 938
41 1168
13 154
67 968
19 571
2 56
81 838
37 93
3 124
99 544
93 906
33 833
99 387
25 654
54 882
88 199
1 1134
81 882
5 588
66 665
60 420
37 704
24 1232
60 634
4 124
68 108
90 140
67 1199
44 173
69 86
84 833
66 462
90 1221
32 15
4 984
57 32
20 70
32 75
16 90
75 518
87 684
69 1062
60 1114
81 149
56 1028
41 487
96 418
77 1094
88 186
72 167
48 109
17 1233
36 155
97 119
87 690
94 1221
16 514
89 750
66 132
39 294
49 475
85 1122
81 1075
55 178
8 942
26 1089
34 1040
72 1004
15 739
43 627
31 79
1 611
51 1224
36 1092
16 118
12 251
98 491
35 1092
40 201
76 292
21 637
45 961
21 739
39 689
45 32
97 517
30 627
27 292
95 867
75 994
22 957
84 505
14 828
91 145
75 1010
0 577
57 1015
2 680
45 910
98 537
35 818
29 654
12 917
50 899
67 141
99 171
84 21
76 955
47 39
11 1041
9 494
32 214
42 574
28 1046
76 667
80 480
80 1147
19 805
27 507
21 175
90 249
13 812
7 414
11 1220
9 516
38 1109
22 1126
5 970
56 608
58 269
84 600
91 1220
49 144
32 613
53 79
11 1
19 1074
53 915
28 1004
88 37
28 263
42 157
23 670
98 190
11 446
15 406
40 995
51 682
98 424
37 876
27 648
88 148
79 901
27 267
83 345
91 1120
24 1020
94 60
40 806
68 134
65 416
7 549
40 348
67 659
10 950
31 195
98 619
18 989
40 137
77 571
90 905
21 833
8 654
61 940
36 19
18 348
48 165
60 182
53 373
20 184
57 59
7 576
5 558
84 338
9 416
75 935
61 31
47 838
11 662
31 139
52 373
77 213
25 1005
67 382
93 197
91 315
93 45
32 989
83 865
43 476
52 304
30 1084
36 963
95 86
36 416
53 122
77 1022
21 575
74 1154
66 399
16 749
99 595
60 931
59 1124
93 986
94 679
38 1184
36 1167
44 712
45 681
28 347
17 664
31 662
1 738
97 1156
47 698
45 806
72 754
36 729
60 502
75 174
85 1150
9 1113
34 650
91 458
70 484
84 508
43 1200
93 296
13 710
50 984
76 159
20 768
38 255
91 940
85 375
28 1023
29 1105
76 94
3 1213
67 220
86 830
74 673
8 1030
34 132
78 52
3 1137
47 978
68 556
47 610
81 23
49 991
13 971
61 856
37 712
73 82
84 1226
35 980
92 753
87 1056
89 503
62 736
20 357
63 303
0 294
11 607
60 752
34 410
86 153
9 509
25 453
71 951
37 1200
94 291
34 274
33 898
46 610
6 443
68 1050
37 692
39 65
77 479
16 592
33 1019
48 923
96 198
74 366
78 530
86 1059
99 685
99 646
65 18
66 59
95 974
49 212
21 1133
65 1210
13 214
40 911
99 331
29 288
62 636
17 456
28 78
73 808
9 796
16 326
94 388
21 694
37 930
58 405
57 715
86 527
35 642
12 444
36 583
86 1150
15 262
8 334
18 1209
51 689
80 294
94 166
69 824
65 110
84 1040
66 67
58 137
42 828
45 1125
13 178
7 152
40 417
7 110
61 163
49 769
49 161
77 820
97 429
48 275
21 272
63 1158
24 165
5 1059
24 821
0 27
68 1144
64 71
25 867
32 340
24 682
93 827
57 896
99 1049
49 585
95 175
5 410
41 39
2 61
81 824
21 106
7 428
4 43
13 994
70 1110
51 790
75 1075
81 470
34 211
40 715
57 645
1 945
58 90
10 357
40 1084
23 1063
98 788
41 101
47 1225
94 459
0 662
42 591
40 849
23 242
48 847
67 1226
64 341
33 30
25 126
3 460
35 535
94 569
88 749
88 315
26 599
90 340
71 397
74 566
36 779
41 725
32 86
28 432
25 1076
0 120
34 99
26 4
45 819
95 818
23 808
14 128
20 693
64 1030
19 837
10 1001
47 468
40 191
73 143
79 32
7 785
57 401
25 1119
27 964
24 367
83 688
72 1087
59 873
18 117
15 866
42 747
25 952
13 1153
98 1201
20 369
47 950
16 205
21 456
82 261
75 312
81 910
31 132
25 143
52 1065
8 606
66 806
6 983
64 340
54 169
78 243
25 859
3 263
51 820
20 775
6 114
79 281
57 256
6 452
82 589
59 273
90 795
68 766
70 3
9 1109
12 546
71 1113
95 204
73 763
75 642
62 1098
5 130
23 425
39 181
65 1183
82 210
50 815
17 182
37 1208
44 794
83 60
23 1156
60 234
85 954
68 1096
21 178
37 309
10 619
26 1099
86 1058
89 986
48 666
90 1137
57 925
13 106
66 833
76 506
13 754
14 654
7 577
39 1011
14 62
31 337
19 889
34 1075
94 491
36 81
63 459
62 595
83 78
45 76
10 868
91 782
16 1082
97 451
63 13
59 749
28 233
81 491
61 156
25 394
70 900
14 525
64 551
6 855
86 644
96 1026
10 431
19 347
17 425
12 1182
7 185
30 740
55 653
39 745
92 1231
55 1077
49 138
88 627
70 417
90 188
13 728
84 502
20 1060
42 22
27 1029
68 599
33 61
8 375
14 1105
74 395
8 947
14 720
16 922
6 776
25 575
2 419
32 271
34 523
90 1202
56 64
77 807
67 485
82 1188
68 790
71 55
91 725
87 631
13 1222
74 836
54 940
78 495
71 608
22 688
65 1149
69 49
18 1023
34 146
22 1221
80 199
79 553
93 4
75 578
60 849
1 535
18 1149
31 943
73 507
8 911
82 1119
2 520
41 463
26 1206
49 388
92 369
98 139
10 293
24 803
71 876
99 158
99 768
48 1127
51 1049
77 331
73 586
77 1147
3 150
71 1089
13 609
28 161
57 194
38 1117
64 246
87 679
71 804
34 336
61 561
99 72
78 386
29 367
75 1231
94 135
27 649
89 1127
77 235
25 640
99 690
42 1142
30 562
9 38
42 483
97 818
63 101
98 887
68 619
10 836
83 470
36 566
11 231
97 474
28 479
62 24
22 321
29 969
70 699
72 648
70 236
88 840
17 279
50 390
57 49
44 1231
72 753
36 584
81 919
91 171
61 1054
77 657
91 771
58 614
18 351
91 182
30 178
66 661
4 926
42 904
57 376
17 65
95 1181
91 426
87 270
22 693
59 1233
89 415
97 891
8 1117
14 691
14 654
86 98
68 624
39 584
75 1183
87 181
31 1111
71 757
30 514
63 669
71 552
16 392
97 440
51 836
93 438
63 983
49 1116
13 899
48 526
58 293
26 1220
24 1069
72 197
7 703
3 1098
9 426
58 132
89 99
99 853
93 335
98 773
9 435
14 534
39 164
46 529
30 280
25 1191
84 536
11 697
39 918
91 971
1 1230
68 913
67 341
37 465
37 968
35 132
49 372
15 982
20 381
78 1148
93 659
67 708
21 1194
25 943
5 449
49 189
24 1094
3 52
78 994
67 507
36 124
35 273
58 532
45 27
36 188
58 1079
18 1207
43 854
57 558
50 463
31 732
67 643
33 1186
69 92
9 1137
52 28
68 64
53 130
46 622
13 705
13 751
32 269
96 212
96 347
34 886
46 352
57 513
60 754
35 633
73 463
55 1142
86 239
59 25
7 659
41 934
95 824
67 94
51 828
48 1032
5 658
93 815
3 249
77 941
81 367
1 264
57 401
0 129
36 525
16 967
38 121
94 814
5 1091
81 87
60 849
65 462
93 331
75 882
60 562
6 1102
60 998
98 495
49 938
7 1145
14 944
97 761
96 780
10 1132
6 1201
96 168
17 868
68 842
58 710
51 717
53 64
77 30
69 239
46 761
45 1033
53 601
68 88
97 787
47 1095
2 900
25 1176
34 9
32 771
99 272
32 880
73 242
91 1202
55 259
9 26
7 480
14 183
70 233
9 663
70 503
15 574
76 356
15 537
47 22
37 703
26 404
62 311
52 1182
50 902
86 582
25 424
91 336
23 104
25 862
49 566
62 963
37 1216
34 665
24 264
86 942
77 1056
90 979
20 582
64 246
1 201
60 222
44 1115
90 162
96 553
18 163
75 320
81 1232
53 643
3 227
97 118
99 15
23 295
57 826
32 4
71 1125
54 609
10 840
38 731
37 838
92 398
8 612
44 933
86 55
12 333
98 1152
7 1211
53 1069
22 499
12 422
37 900
81 886
34 773
24 219
15 191
92 321
8 222
59 473
99 841
3 294
12 596
95 20
2 249
77 214
55 869
71 1044
74 1144
23 118
76 869
94 1064
33 188
51 1097
10 308
20 1128
21 562
62 105
60 791
43 1150
80 122
39 230
36 184
14 537
80 819
47 1054
51 1115
81 360
34 207
75 662
86 162
20 1145
92 252
68 464
52 1088
89 559
96 1062
38 588
23 794
51 488
32 546
59 1052
15 607
12 25
13 324
57 818
29 814
95 527
95 39
86 661
94 834
42 1093
84 743
29 114
66 591
7 144
98 120
64 1209
77 156
94 592
6 848
1 9
35 20
38 331
31 664
61 270
27 933
45 703
6 860
67 1199
70 89
36 504
23 1159
53 458
3 502
61 134
0 1035
30 770
38 122
74 127
65 734
55 201
95 358
88 785
37 453
79 747
84 1174
57 81
37 188
1 1096
35 834
40 901
77 577
26 204
63 159
56 710
98 444
11 351
27 382
36 12
56 625
63 1163
27 1
16 850
83 540
96 1037
43 91
46 229
74 169
82 519
4 645
95 936
58 681
50 33
49 477
84 822
78 954
6 689
22 1166
76 923
80 1123
90 1179
94 1033
2 261
72 1146
91 124
29 1
7 1049
23 1194
78 1185
20 693
40 169
7 1129
33 74
63 112
23 1116
2 301
82 751
51 1053
77 705
12 498
53 1080
9 1176
87 143
65 317
32 780
91 639
30 323
5 440
79 926
12 392
11 710
87 83
13 359
1 566
61 535
33 999
10 814
76 68
9 97
22 1158
45 815
93 12
30 242
2 39
82 665
14 385
18 925
68 750
3 417
96 610
54 5
35 662
5 182
95 162
54 1187
88 829
32 108
43 664
19 820
16 575
9 127
35 78
37 74
34 726
94 1109
30 747
87 496
66 1022
64 741
77 330
54 474
39 965
10 1206
88 347
64 575
5 134
1 368
33 737
85 118
8 462
37 200
38 977
62 980
41 910
10 1091
2 219
71 370
74 27
37 324
57 325
22 282
48 1135
43 1010
50 1195
44 1200
57 451
88 1023
18 265
26 955
75 414
90 926
75 1008
97 234
87 740
77 1042
51 977
75 513
39 243
62 136
26 615
20 186
26 797
40 1036
76 299
59 1217
51 210
41 468
8 304
75 627
60 553
89 1161
52 154
83 714
21 818
49 656
44 329
32 615
90 1079
74 419
5 934
95 18
6 1200
71 197
21 921
51 457
86 914
44 847
63 497
65 1065
30 985
4 943
94 1043
23 758
45 537
37 1127
79 865
67 626
47 761
65 900
74 224
50 614
12 825
66 1209
60 1018
8 943
77 521
10 582
68 365
97 483
7 1024
44 59
77 1093
70 686
88 403
26 321
17 759
73 505
9 563
95 716
88 91
93 160
46 650
28 267
74 493
85 1032
50 398
9 1067
34 46
63 406
14 165
29 1223
77 215
25 1068
67 782
80 571
62 1228
55 515
20 446
17 758
79 191
27 165
61 1036
93 109
8 123
78 1171
71 724
5 25
56 197
59 687
17 687
92 505
10 645
64 242
36 942
84 927
77 630
85 1194
25 136
88 336
84 975
70 768
79 873
53 413
61 515
58 63
71 221
65 1062
29 1054
26 1119
57 914
53 1036
79 443
85 107
28 80
13 334
95 489
84 27
70 247
73 126
61 1167
29 1214
1 85
62 21
75 1085
22 1062
76 381
64 165
33 955
75 151
94 594
47 1189
69 1022
48 1127
53 1124
23 249
66 943
31 613
23 845
66 225
67 1058
57 615
39 703
90 108
60 614
10 808
42 1081
79 286
4 1142
90 46
3 656
6 20
29 33
24 1158
26 1100
93 454
31 422
43 1101
2 58
90 948
27 845
71 656
65 808
88 219
64 2
83 295
73 693
78 570
78 472
41 986
11 904
34 169
52 445
8 623
2 329
76 636
38 1096
97 537
41 623
43 739
7 804
15 1046
33 634
81 345
68 738
91 1118
67 556
19 868
68 1033
21 234
59 731
10 1053
45 368
49 862
66 52
35 881
26 987
79 376
37 461
3 702
65 508
85 1069
59 935
10 350
74 336
53 554
5 383
27 806
99 289
96 464
7 870
24 169
27 5
93 60
8 380
62 706
42 810
79 936
54 440
14 854
61 826
58 1156
33 1179
82 666
8 1087
28 687
89 1113
23 119
26 10
47 789
53 764
17 882
18 763
57 93
62 876
24 238
76 877
75 265
74 1112
18 690
37 346
96 1153
2 501
96 1126
73 665
63 175
2 1184
97 1097
6 808
24 1131
8 76
83 733
8 227
62 935
99 235
68 104
19 703
68 771
31 1233
90 891
97 449
97 929
72 964
66 1221
95 67
35 531
28 873
77 741
97 814
51 255
43 760
72 1208
98 581
21 285
15 457
84 552
85 727
55 844
55 65
4 867
52 192
43 623
86 634
50 507
72 516
29 1080
59 71
25 9
98 36
53 202
31 320
69 29
73 263
31 358
33 259
15 662
55 875
74 880
21 855
39 698
9 773
45 622
91 76
51 614
14 745
18 255
97 1050
49 1075
73 1144
85 555
15 455
64 141
44 608
26 623
18 1006
49 58
20 941
39 327
79 835
95 308
28 129
89 412
12 523
72 767
24 205
28 237
2 963
33 871
4 213
94 797
99 111
35 771
61 365
0 22
83 660
49 863
51 599
47 960
6 300
81 105
59 512
45 717
76 667
10 17
66 521
22 1129
50 1082
19 567
68 754
45 1004
36 228
95 403
92 592
90 429
26 875
91 595
6 930
38 1042
12 677
90 263
37 351
73 52
57 569
35 1169
18 231
26 800
16 834
80 397
45 731
74 1228
44 922
92 1125
13 821
92 926
21 877
19 287
56 967
34 1116
84 91
89 1014
16 27
62 583
53 482
9 602
13 414
71 778
88 567
78 92
94 103
73 297
8 501
44 365
72 979
37 1192
63 199
51 614
2 385
93 542
52 156
69 509
44 891
59 241
0 23
1 311
1 859
41 384
64 229
3 867
49 186
8 1198
18 1118
71 832
92 461
61 513
45 533
76 1074
0 3
35 1202
21 998
44 648
25 613
97 169
80 911
31 1073
95 19
47 1095
6 1230
19 225
32 1021
19 907
66 228
43 603
49 805
49 202
92 1021
30 305
19 723
52 565
85 115
97 755
18 607
22 120
89 802
51 102
90 23
58 245
54 532
83 809
81 762
69 854
94 405
45 954
41 276
17 252
10 99
59 842
3 601
97 1036
30 1085
98 18
64 860
65 415
79 571
23 846
52 982
67 351
2 883
93 528
36 161
25 469
77 47
53 688
16 1020
79 1116
10 20
80 982
17 1162
3 1120
93 190
57 279
50 966
30 963
66 854
74 902
26 50
72 234
11 952
96 584
37 766
97 707
76 594
52 330
36 420
19 812
6 669
13 1137
83 1058
2 865
22 803
85 1078
38 618
87 518
82 937
27 874
12 1083
98 1002
11 994
62 491
24 511
72 398
88 817
52 398
4 273
39 83
23 401
50 538
49 1142
24 86
67 757
61 156
32 451
71 882
26 1108
48 774
3 364
93 1090
93 777
89 60
43 604
2 578
94 841
73 455